    0.0000000000000000   -1.9548009804964201
    1.6094379124341003   -5.0106543274569315
    3.2188758248682006   -8.2295111494401887
    4.8283137373023015  -11.4483869439843122
    6.4377516497364011  -14.6672627692272144
    8.0471895621705016  -17.8861389531832380
    9.6566274746046030  -21.1050382751654269
   11.2660653870387026  -24.3230798094069627
   12.8755032994728023  -27.5811275990432279
   14.4849412119069036  -30.4160322754265202
   16.0943791243410033  -29.5453712396407226
   17.7038170367751029  -27.4887791307332314
   19.3132549492092060  -28.6497750990093998
